Timestamp,Price,Volume,FullyDilluted,CirculatingSupply
1624291200,0.02819318329699,2250341.29,0.0,0.0
1624294800,0.03103424641312,3619922.73,0.0,0.0
1624298400,0.03422195028107,11332661.95,0.0,0.0
1624302000,0.04354707459962,11930968.64,0.0,0.0
1624305600,0.04378461382339,12735626.41,0.0,0.0
1624309200,0.03672656520375,12369568.04,0.0,0.0
1624312800,0.03522515761073,12192506.55,0.0,0.0
1624316400,0.03685780964079,12081832.54,0.0,0.0
1624320000,0.03505437508186,12139182.14,0.0,0.0
1624323600,0.03654672624243,12660146.12,0.0,0.0
1624327200,0.05527185628888,13555122.37,0.0,0.0
1624330800,0.04995425006055,14124780.99,0.0,0.0
1624334400,0.04895728959427,14323981.05,0.0,0.0
1624338000,0.04661557811119,14175552.63,0.0,0.0
1624341600,0.04888138140724,14343522.85,0.0,0.0
1624345200,0.04826788962905,14351031.01,0.0,0.0
1624348800,0.03826132549676,13997399.93,0.0,0.0
1624352400,0.03517421049481,14113404.12,0.0,0.0
1624356000,0.03721583924559,14327611.95,0.0,0.0
1624359600,0.03412914231642,14119642.48,0.0,0.0
1624363200,0.03118181889921,13196566.81,0.0,0.0
1624366800,0.03000250245131,12819970.81,0.0,0.0
1624370400,0.03324297033215,13796960.8,0.0,0.0
1624374000,0.03355974127155,14783398.68,0.0,0.0
1624377600,0.03937121888086,15360013.49,0.0,0.0
1624381200,0.03891369705172,15549364.64,0.0,0.0
1624384800,0.03873435941337,15862036.48,0.0,0.0
1624388400,0.03594144546627,15702909.27,0.0,0.0
1624392000,0.03664399904444,16009429.88,0.0,0.0
1624395600,0.03512460448469,15558162.75,0.0,0.0
1624399200,0.03673379880506,15564930.65,0.0,0.0
1624402800,0.03595618326247,15355222.84,0.0,0.0
1624406400,0.03642353452604,3892606.62,0.0,0.0
1624410000,0.03937543190047,4052183.5,0.0,0.0
1624413600,0.03709859862542,4249238.57,0.0,0.0
1624417200,0.03892744546352,4265352.94,0.0,0.0
1624420800,0.04011296573421,4399788.82,0.0,0.0
1624424400,0.04398359668835,4531449.95,0.0,0.0
1624428000,0.04116093747617,4583398.64,0.0,0.0
1624431600,0.0415088566603,4591220.51,0.0,0.0
1624435200,0.04110806220582,4592001.33,0.0,0.0
1624438800,0.04086224872375,4708232.28,0.0,0.0
1624442400,0.04086812439895,4781821.57,0.0,0.0
1624446000,0.04084142072115,4806220.0,0.0,0.0
1624449600,0.04133470721062,4934919.5,0.0,0.0
1624453200,0.03977514190475,5096336.79,0.0,0.0
1624456800,0.04084726104431,4806220.0,0.0,0.0
1624460400,0.04134061807375,4934919.5,0.0,0.0
1624464000,0.03829497002192,5259687.96,0.0,0.0
1624467600,0.03830190133086,5258998.81,0.0,0.0
1624471200,0.03697138159066,5176125.68,0.0,0.0
1624474800,0.03758963479165,5184645.1,0.0,0.0
1624478400,0.03955161731032,5260482.35,0.0,0.0
1624482000,0.03861320527599,5289555.96,0.0,0.0
1624485600,0.0383327116941,5372042.57,0.0,0.0
1624489200,0.03711436416124,5469876.29,0.0,0.0
1624492800,0.03804744168686,1297100.45,0.0,0.0
1624496400,0.03598550470361,1291400.87,0.0,0.0
1624500000,0.03538454641261,1324641.03,0.0,0.0
1624503600,0.03530820913852,1403200.59,0.0,0.0
1624507200,0.03526039470287,1441001.83,0.0,0.0
1624510800,0.03618191624473,1492938.51,0.0,0.0
1624514400,0.03732294930509,1519067.99,0.0,0.0
1624518000,0.0350044417062,1611241.79,0.0,0.0
1624521600,0.03497314279499,1741476.52,0.0,0.0
1624525200,0.03512194999841,1759829.33,0.0,0.0
1624528800,0.03261572649502,1786888.97,0.0,0.0
1624532400,0.03250042884907,1845563.79,0.0,0.0
1624536000,0.03244015411689,1897408.48,0.0,0.0
1624539600,0.03198509401711,1928770.71,0.0,0.0
1624543200,0.02984276053743,1969461.96,0.0,0.0
1624546800,0.03199267828109,2040234.04,0.0,0.0
1624550400,0.03032493857098,2132164.86,0.0,0.0
1624554000,0.03055212591579,2165221.48,0.0,0.0
1624557600,0.03076082781983,2186822.83,0.0,0.0
1624561200,0.03089248340642,2185043.78,0.0,0.0
1624564800,0.03054541438522,2203908.04,0.0,0.0
1624568400,0.02789256017022,2243528.37,0.0,0.0
1624572000,0.02744156051074,2240020.14,0.0,0.0
1624575600,0.02758886385918,2269526.0,0.0,0.0
1624579200,0.02756403560226,985797.48,0.0,0.0
1624582800,0.02786098378934,1024067.96,0.0,0.0
1624586400,0.02704076043114,1047663.73,0.0,0.0
1624590000,0.02487386017011,1066404.37,0.0,0.0
1624593600,0.02531340639171,1061010.18,0.0,0.0
1624597200,0.02557455115313,1083789.34,0.0,0.0
1624600800,0.02727021732522,1106204.53,0.0,0.0
1624604400,0.02681669471837,1103089.98,0.0,0.0
1624608000,0.02596348362596,1115621.78,0.0,0.0
1624611600,0.025578745761,1136492.06,0.0,0.0
1624615200,0.02573848216015,1156574.1,0.0,0.0
1624618800,0.02574438374716,1187664.69,0.0,0.0
1624622400,0.02580170870904,2264167.21,0.0,0.0
1624626000,0.02283395494581,2335864.05,0.0,0.0
1624629600,0.02330618642342,2342523.09,0.0,0.0
1624633200,0.02400228182081,2354997.43,0.0,0.0
1624636800,0.02295578124913,2287908.49,0.0,0.0
1624640400,0.02246041821244,2287099.03,0.0,0.0
1624644000,0.02222800223057,2338439.71,0.0,0.0
1624647600,0.02249727947006,2371030.57,0.0,0.0
1624651200,0.02189845548042,2390432.32,0.0,0.0
1624654800,0.02212599899679,2369820.3,0.0,0.0
1624658400,0.02268531891263,2360152.48,0.0,0.0
1624662000,0.02150021062701,2392820.68,0.0,0.0
1624665600,0.02088479332838,752561.12,0.0,0.0
1624669200,0.02027871354372,751575.34,0.0,0.0
1624672800,0.01983727741438,783226.85,0.0,0.0
1624676400,0.01938526019341,815078.65,0.0,0.0
1624680000,0.01959263587799,834644.48,0.0,0.0
1624683600,0.01875974539379,869290.33,0.0,0.0
1624687200,0.01915806164126,869024.07,0.0,0.0
1624690800,0.01825859786134,841117.03,0.0,0.0
1624694400,0.0181401136036,840604.76,0.0,0.0
1624698000,0.01867580826448,872895.69,0.0,0.0
1624701600,0.01849678974493,864179.44,0.0,0.0
1624705200,0.02047231507423,907534.61,0.0,0.0
1624708800,0.02095926435383,909238.95,0.0,0.0
1624712400,0.02069712526748,937894.18,0.0,0.0
1624716000,0.02011024567458,979923.45,0.0,0.0
1624719600,0.02037025715387,990503.64,0.0,0.0
1624723200,0.01976973352659,990907.12,0.0,0.0
1624726800,0.01988722130177,1000328.61,0.0,0.0
1624730400,0.01903926566073,1012123.54,0.0,0.0
1624734000,0.01922129190663,500915.78,0.0,0.0
1624737600,0.02020458941813,762707.32,0.0,0.0
1624741200,0.02005638252155,763051.44,0.0,0.0
1624744800,0.020227080767,769884.99,0.0,0.0
1624748400,0.01933136837017,789063.64,0.0,0.0
1624752000,0.02030235732412,347503.34,0.0,0.0
1624755600,0.02047883126599,352286.73,0.0,0.0
1624759200,0.02052506110937,348515.86,0.0,0.0
1624762800,0.0220926533233,368613.21,0.0,0.0
1624766400,0.02213814653573,368871.38,0.0,0.0
1624770000,0.0216052176626,365082.63,0.0,0.0
1624773600,0.02198176572706,370664.71,0.0,0.0
1624777200,0.02232133857693,375140.26,0.0,0.0
1624780800,0.02254609902838,388666.09,0.0,0.0
1624784400,0.02228890179818,383865.68,0.0,0.0
1624788000,0.02207203435353,382621.85,0.0,0.0
1624791600,0.02340605262205,395134.4,0.0,0.0
1624795200,0.0233429933492,416860.59,0.0,0.0
1624798800,0.02292297893537,413562.21,0.0,0.0
1624802400,0.02328556470761,415293.1,0.0,0.0
1624806000,0.02452885415149,422138.65,0.0,0.0
1624809600,0.02252732279341,426218.75,0.0,0.0
1624813200,0.02227392496833,429226.79,0.0,0.0
1624816800,0.02182435328383,431757.81,0.0,0.0
1624820400,0.02198003433893,432360.5,0.0,0.0
1624824000,0.0219662047407,439168.67,0.0,0.0
1624827600,0.02199315739522,440087.02,0.0,0.0
1624831200,0.02316502495964,459940.12,0.0,0.0
1624834800,0.02409170380218,495000.09,0.0,0.0
1624838400,0.02413841911598,184315.96,0.0,0.0
1624842000,0.02436181583031,187700.95,0.0,0.0
1624845600,0.02505278802492,193721.71,0.0,0.0
1624849200,0.02348834441158,221929.36,0.0,0.0
1624852800,0.02347684964493,222299.22,0.0,0.0
1624856400,0.0230835998259,234486.33,0.0,0.0
1624860000,0.02434769790592,243306.79,0.0,0.0
1624863600,0.02372004732327,262269.37,0.0,0.0
1624867200,0.02424567746479,265482.33,0.0,0.0
1624870800,0.02432976194007,268597.98,0.0,0.0
1624874400,0.02257553973185,295421.09,0.0,0.0
1624878000,0.02146035248863,331444.46,0.0,0.0
1624881600,0.0229197064731,348625.1,0.0,0.0
1624885200,0.02298167351733,348316.13,0.0,0.0
1624888800,0.02402612079762,366764.84,0.0,0.0
1624892400,0.02380562175841,380153.42,0.0,0.0
1624896000,0.02291793416384,414530.27,0.0,0.0
1624899600,0.02268633275457,411246.36,0.0,0.0
1624903200,0.02272349988046,410495.12,0.0,0.0
1624906800,0.02258299725121,415216.36,0.0,0.0
1624910400,0.02279833244686,417095.84,0.0,0.0
1624914000,0.02275720363336,419479.62,0.0,0.0
1624917600,0.02301591426486,417424.32,0.0,0.0
1624921200,0.02294051223497,418673.4,0.0,0.0
1624924800,0.02299269764067,270528.11,0.0,0.0
1624928400,0.02280434857336,269468.54,0.0,0.0
1624932000,0.02279637796339,267938.18,0.0,0.0
1624935600,0.02261820764057,285782.45,0.0,0.0
1624939200,0.02181840342312,296214.74,0.0,0.0
1624942800,0.02177655873489,295644.29,0.0,0.0
1624946400,0.02223787341917,302995.31,0.0,0.0
1624950000,0.02259790942874,309209.71,0.0,0.0
1624953600,0.02166612645023,334927.6,0.0,0.0
1624957200,0.02144370020924,347061.77,0.0,0.0
1624960800,0.02157324870576,350462.99,0.0,0.0
1624964400,0.02167129275935,351657.67,0.0,0.0
1624968000,0.02165252779327,361571.29,0.0,0.0
1624971600,0.0215508798763,369010.43,0.0,0.0
1624975200,0.02207626265907,372829.9,0.0,0.0
1624978800,0.02149811560832,369064.63,0.0,0.0
1624982400,0.02097341728563,370733.2,0.0,0.0
1624986000,0.02104700932773,374315.98,0.0,0.0
1624989600,0.02040026578429,390327.15,0.0,0.0
1624993200,0.02035683118882,390313.33,0.0,0.0
1624996800,0.01973968968978,397737.08,0.0,0.0
1625000400,0.02023065456159,402098.72,0.0,0.0
1625004000,0.01998889992164,396639.19,0.0,0.0
1625007600,0.02004632005368,396138.03,0.0,0.0
1625011200,0.02020493792422,132440.09,0.0,0.0
1625014800,0.01998626333435,131228.62,0.0,0.0
1625018400,0.01997110695435,132650.75,0.0,0.0
1625022000,0.01991789555217,135265.38,0.0,0.0
1625025600,0.01978216931699,135415.37,0.0,0.0
1625029200,0.01993459554185,136893.13,0.0,0.0
1625032800,0.02127109539128,149597.91,0.0,0.0
1625036400,0.02081576826711,153770.55,0.0,0.0
1625040000,0.02018226886856,160093.36,0.0,0.0
1625043600,0.0201437919522,161529.36,0.0,0.0
1625047200,0.02074287473134,167582.69,0.0,0.0
1625050800,0.02102915899227,169750.39,0.0,0.0
1625054400,0.02090454531082,170180.11,0.0,0.0
1625058000,0.02077664206398,170105.32,0.0,0.0
1625061600,0.01744608769029,230557.58,0.0,0.0
1625065200,0.01434748965282,372272.84,0.0,0.0
1625068800,0.01807420932316,484929.64,0.0,0.0
1625072400,0.01725920781753,514553.51,0.0,0.0
1625076000,0.01800075134067,531417.36,0.0,0.0
1625079600,0.01817292146094,540943.3,0.0,0.0
1625083200,0.01778306000857,555051.4,0.0,0.0
1625086800,0.01806839866912,562512.11,0.0,0.0
1625090400,0.01940394467373,594037.45,0.0,0.0
1625094000,0.01952142823014,623275.99,0.0,0.0
1625097600,0.01954722909917,497291.98,0.0,0.0
1625101200,0.01943389066842,498826.71,0.0,0.0
1625104800,0.01865970006613,494808.48,0.0,0.0
1625108400,0.01785495205705,505739.46,0.0,0.0
1625112000,0.01740709276763,516532.03,0.0,0.0
1625115600,0.01677192475389,539864.12,0.0,0.0
1625119200,0.01640676465004,542731.68,0.0,0.0
1625122800,0.01674672937783,546711.78,0.0,0.0
1625126400,0.0169613494669,547542.88,0.0,0.0
1625130000,0.01519148346503,554006.11,0.0,0.0
1625133600,0.01702043007444,577123.3,0.0,0.0
1625137200,0.0157648024897,592440.97,0.0,0.0
1625140800,0.01606723013811,615540.26,0.0,0.0
1625144400,0.01659455804227,615063.96,0.0,0.0
1625148000,0.01636599618005,608160.31,0.0,0.0
1625151600,0.01574051753124,619170.16,0.0,0.0
1625155200,0.01586209276403,616228.85,0.0,0.0
1625158800,0.01582480096936,633939.04,0.0,0.0
1625162400,0.01582706892685,634721.45,0.0,0.0
1625166000,0.01553367787612,622569.59,0.0,0.0
1625169600,0.01599273052553,633953.39,0.0,0.0
1625173200,0.01601761452189,636343.74,0.0,0.0
1625176800,0.01595660357892,638934.3,0.0,0.0
1625180400,0.01610361047447,640463.75,0.0,0.0
1625184000,0.01648022577088,182293.06,0.0,0.0
1625187600,0.01625066418476,179996.61,0.0,0.0
1625191200,0.01627850158646,180317.27,0.0,0.0
1625194800,0.01587638677964,175922.7,0.0,0.0
1625198400,0.01581078084146,177056.6,0.0,0.0
1625202000,0.01574276139217,176453.29,0.0,0.0
1625205600,0.01571466730034,176673.75,0.0,0.0
1625209200,0.01561490899932,181819.05,0.0,0.0
1625212800,0.01540105679658,190253.47,0.0,0.0
1625216400,0.0157065526107,200986.84,0.0,0.0
1625220000,0.01606915986173,204509.35,0.0,0.0
1625223600,0.01602105906758,205705.36,0.0,0.0
1625227200,0.01592087378582,210307.15,0.0,0.0
1625230800,0.01636871881964,231037.75,0.0,0.0
1625234400,0.01610610278018,236935.01,0.0,0.0
1625238000,0.01607098952103,237233.29,0.0,0.0
1625241600,0.01589796276211,236419.73,0.0,0.0
1625245200,0.01599146085374,238869.45,0.0,0.0
1625248800,0.01568818473196,234276.27,0.0,0.0
1625252400,0.01542815088487,234858.56,0.0,0.0
1625256000,0.01539119647185,238783.77,0.0,0.0
1625259600,0.01554807053859,240950.34,0.0,0.0
1625263200,0.01571655432638,244323.89,0.0,0.0
1625266800,0.01543903755295,258139.52,0.0,0.0
1625270400,0.01468087572229,91509.1,0.0,0.0
1625274000,0.01524997497473,95344.33,0.0,0.0
1625277600,0.01526227256226,95576.33,0.0,0.0
1625281200,0.01580868548652,100375.82,0.0,0.0
1625284800,0.01601756231771,102609.92,0.0,0.0
1625288400,0.01689390861296,110684.73,0.0,0.0
1625292000,0.01675602192959,111447.93,0.0,0.0
1625295600,0.01701500593229,117423.37,0.0,0.0
1625299200,0.01751457419252,124916.01,0.0,0.0
1625302800,0.01758170175245,126306.8,0.0,0.0
1625306400,0.01814081337937,131104.79,0.0,0.0
1625310000,0.01889043946417,148543.95,0.0,0.0
1625313600,0.01777477840837,167506.5,0.0,0.0
1625317200,0.01762347069708,184008.72,0.0,0.0
1625320800,0.0171770507493,211860.74,0.0,0.0
1625324400,0.01798175403937,219136.43,0.0,0.0
1625328000,0.01759383222798,222051.9,0.0,0.0
1625331600,0.01877219830948,237011.93,0.0,0.0
1625335200,0.01754742198144,254795.37,0.0,0.0
1625338800,0.01844877757075,261706.51,0.0,0.0
1625342400,0.0182095348177,268833.39,0.0,0.0
1625346000,0.01755239873554,275668.99,0.0,0.0
1625349600,0.01755202054346,286066.68,0.0,0.0
1625353200,0.01756162728856,286246.15,0.0,0.0
1625356800,0.01774189912736,194591.82,0.0,0.0
1625360400,0.01727692999436,190366.56,0.0,0.0
1625364000,0.01801454681524,198822.49,0.0,0.0
1625367600,0.01865954589122,205362.81,0.0,0.0
1625371200,0.01829099876922,219549.17,0.0,0.0
1625374800,0.01859347178663,223632.9,0.0,0.0
1625378400,0.01949419134107,234925.2,0.0,0.0
1625382000,0.0194858542037,272526.91,0.0,0.0
1625385600,0.01906144376644,268570.45,0.0,0.0
1625389200,0.01954833472418,274192.45,0.0,0.0
1625392800,0.0180599335346,291794.42,0.0,0.0
1625396400,0.0190701795387,335630.43,0.0,0.0
1625400000,0.01806403920497,318429.05,0.0,0.0
1625403600,0.01912813321146,339052.51,0.0,0.0
1625407200,0.01851664250834,341903.63,0.0,0.0
1625410800,0.01835745483584,383345.31,0.0,0.0
1625414400,0.0187926078171,392310.37,0.0,0.0
1625418000,0.01960506490271,407766.66,0.0,0.0
1625421600,0.01792430975666,375988.86,0.0,0.0
1625425200,0.01754530761352,432569.61,0.0,0.0
1625428800,0.01863371829266,436765.86,0.0,0.0
1625432400,0.01840905243475,431474.38,0.0,0.0
1625436000,0.01861262077581,428736.41,0.0,0.0
1625439600,0.01839564063091,425990.2,0.0,0.0
1625443200,0.01970188204055,230092.14,0.0,0.0
1625446800,0.01736273819206,201566.2,0.0,0.0
1625450400,0.0171204327354,199750.85,0.0,0.0
1625454000,0.01700960280229,198783.35,0.0,0.0
1625457600,0.01717680403456,236809.87,0.0,0.0
1625461200,0.01779481942837,241324.2,0.0,0.0
1625464800,0.01851420029564,251112.7,0.0,0.0
1625468400,0.01834475711204,249616.37,0.0,0.0
1625472000,0.01820367399468,248245.01,0.0,0.0
1625475600,0.01808079562432,249700.87,0.0,0.0
1625479200,0.01764739797889,258688.82,0.0,0.0
1625482800,0.01594050117504,285487.06,0.0,0.0
1625486400,0.01609779377842,286862.11,0.0,0.0
1625490000,0.01611451734443,289992.33,0.0,0.0
1625493600,0.01544976278953,320084.35,0.0,0.0
1625497200,0.01536663469387,316429.58,0.0,0.0
1625500800,0.01517889278343,338434.84,0.0,0.0
1625504400,0.01538076503929,341963.94,0.0,0.0
1625508000,0.01532432479518,339480.81,0.0,0.0
1625511600,0.01665844303523,390496.81,0.0,0.0
1625515200,0.01630033074883,385332.58,0.0,0.0
1625518800,0.01662368438172,393735.05,0.0,0.0
1625522400,0.01650540657808,391376.54,0.0,0.0
1625526000,0.01640849545666,392830.65,0.0,0.0
1625529600,0.01633992527584,185062.87,0.0,0.0
1625533200,0.01637831214491,185928.91,0.0,0.0
1625536800,0.01600947359372,184019.25,0.0,0.0
1625540400,0.0159982586985,195318.54,0.0,0.0
1625544000,0.01636619831,203321.14,0.0,0.0
1625547600,0.0164604131785,215034.53,0.0,0.0
1625551200,0.01619035429384,223139.31,0.0,0.0
1625554800,0.01604412621097,223724.32,0.0,0.0
1625558400,0.01599254229687,224597.39,0.0,0.0
1625562000,0.01600648971732,224291.46,0.0,0.0
1625565600,0.01559386122445,225678.02,0.0,0.0
1625569200,0.01589361384692,240184.92,0.0,0.0
1625572800,0.01592342045509,241131.8,0.0,0.0
1625576400,0.01601499396094,243304.03,0.0,0.0
1625580000,0.01546657861798,254538.06,0.0,0.0
1625583600,0.01557482845576,254413.88,0.0,0.0
1625587200,0.01547163660697,255259.59,0.0,0.0
1625590800,0.0156822377741,259290.43,0.0,0.0
1625594400,0.01567622961249,260396.01,0.0,0.0
1625598000,0.01568276828769,261677.74,0.0,0.0
1625601600,0.01558532894468,261448.43,0.0,0.0
1625605200,0.01568943052626,260958.6,0.0,0.0
1625608800,0.01592401449735,265734.72,0.0,0.0
1625612400,0.01587721443908,277762.13,0.0,0.0
1625616000,0.01558154590389,83331.71,0.0,0.0
1625619600,0.01574107356165,84303.18,0.0,0.0
1625623200,0.01579239848868,86623.58,0.0,0.0
1625626800,0.01566144445718,90399.29,0.0,0.0
1625630400,0.01603535446482,94663.03,0.0,0.0
1625634000,0.01711813120818,107844.25,0.0,0.0
1625637600,0.01691814600751,122059.88,0.0,0.0
1625641200,0.01716842989411,132759.13,0.0,0.0
1625644800,0.0180289506124,142084.65,0.0,0.0
1625648400,0.01804574310137,142299.04,0.0,0.0
1625652000,0.0181775467461,143332.24,0.0,0.0
1625655600,0.01829853830476,144491.37,0.0,0.0
1625659200,0.01816565662307,150878.26,0.0,0.0
1625662800,0.01825584975155,152068.25,0.0,0.0
1625666400,0.01788102884954,156402.52,0.0,0.0
1625670000,0.01769828059547,155860.89,0.0,0.0
1625673600,0.01785590476129,156971.49,0.0,0.0
1625677200,0.01757255836884,156228.25,0.0,0.0
1625680800,0.0176841398083,157621.94,0.0,0.0
1625684400,0.01772990550912,157966.13,0.0,0.0
1625688000,0.01784562344577,159184.19,0.0,0.0
1625691600,0.01761855668966,156624.27,0.0,0.0
1625695200,0.01741450934655,155290.06,0.0,0.0
1625698800,0.01435654910379,178740.22,0.0,0.0
1625702400,0.01592518493583,113763.44,0.0,0.0
1625706000,0.01693494585076,122119.4,0.0,0.0
1625709600,0.01707420657728,123236.3,0.0,0.0
1625713200,0.01681088640177,135433.77,0.0,0.0
1625716800,0.01617949934037,144774.86,0.0,0.0
1625720400,0.01617792814389,144760.8,0.0,0.0
1625724000,0.01637696612551,146392.31,0.0,0.0
1625727600,0.01603169109958,145616.77,0.0,0.0
1625731200,0.01598263918138,148526.47,0.0,0.0
1625734800,0.01620707607289,150174.91,0.0,0.0
1625738400,0.01631350174103,151981.81,0.0,0.0
1625742000,0.01615768313366,156506.36,0.0,0.0
1625745600,0.01602064996079,159951.46,0.0,0.0
1625749200,0.01587042596877,158760.45,0.0,0.0
1625752800,0.01522909020968,169762.15,0.0,0.0
1625756400,0.01544902527232,175774.03,0.0,0.0
1625760000,0.01503838125619,172333.66,0.0,0.0
1625763600,0.01506757723332,171803.72,0.0,0.0
1625767200,0.0149494970008,172760.16,0.0,0.0
1625770800,0.01509982419086,174832.13,0.0,0.0
1625774400,0.01517368924667,174911.2,0.0,0.0
1625778000,0.01522263976603,176164.37,0.0,0.0
1625781600,0.01499949558113,174135.92,0.0,0.0
1625785200,0.01486027021667,172730.45,0.0,0.0
1625788800,0.01491615278909,84959.17,0.0,0.0
1625792400,0.01470808896346,85967.73,0.0,0.0
1625796000,0.01480167396938,86563.98,0.0,0.0
1625799600,0.01491197421944,86866.92,0.0,0.0
1625803200,0.01509480452069,89521.2,0.0,0.0
1625806800,0.01544757629507,91301.82,0.0,0.0
1625810400,0.0153768736745,91442.81,0.0,0.0
1625814000,0.01534062736799,91008.86,0.0,0.0
1625817600,0.01517676607908,90661.05,0.0,0.0
1625821200,0.01527960460872,91987.7,0.0,0.0
1625824800,0.01496037648294,93754.58,0.0,0.0
1625828400,0.01469507879282,97093.73,0.0,0.0
1625832000,0.014617377197,106068.3,0.0,0.0
1625835600,0.01495926358131,130092.35,0.0,0.0
1625839200,0.01512975991287,131410.03,0.0,0.0
1625842800,0.01479317487915,137546.51,0.0,0.0
1625846400,0.01478242859817,135724.05,0.0,0.0
1625850000,0.01493082674219,137259.46,0.0,0.0
1625853600,0.01472048959007,135922.05,0.0,0.0
1625857200,0.01475321983139,136518.87,0.0,0.0
1625860800,0.01499853586283,138011.25,0.0,0.0
1625864400,0.01530986658196,141587.64,0.0,0.0
1625868000,0.01541546468361,141812.46,0.0,0.0
1625871600,0.01550070638702,143476.1,0.0,0.0
1625875200,0.01564446832392,55689.33,0.0,0.0
1625878800,0.01559816248482,55790.91,0.0,0.0
1625882400,0.01547556572451,55619.97,0.0,0.0
1625886000,0.0156243616089,85856.69,0.0,0.0
1625889600,0.01555176149458,88154.1,0.0,0.0
1625893200,0.01544752357958,88793.98,0.0,0.0
1625896800,0.01513417943553,94799.67,0.0,0.0
1625900400,0.01539327244836,100365.37,0.0,0.0
1625904000,0.01517872417373,102700.06,0.0,0.0
1625907600,0.01526636342082,103169.83,0.0,0.0
1625911200,0.01531838425695,103703.47,0.0,0.0
1625914800,0.01527662243061,105716.11,0.0,0.0
1625918400,0.0154808253662,109620.83,0.0,0.0
1625922000,0.01523868830846,107784.93,0.0,0.0
1625925600,0.0153208891452,108411.17,0.0,0.0
1625929200,0.01497023847908,117786.86,0.0,0.0
1625932800,0.0150620993787,119378.37,0.0,0.0
1625936400,0.01504203962951,118748.26,0.0,0.0
1625940000,0.01528364362981,122708.36,0.0,0.0
1625943600,0.01539296157574,125422.87,0.0,0.0
1625947200,0.01572156712289,127529.84,0.0,0.0
1625950800,0.01617953494716,130681.4,0.0,0.0
1625954400,0.01512002224466,138138.64,0.0,0.0
1625958000,0.01586452166857,145575.6,0.0,0.0
1625961600,0.01552872792764,99386.31,0.0,0.0
1625965200,0.0157173835719,100900.57,0.0,0.0
1625968800,0.01560710965231,101132.24,0.0,0.0
1625972400,0.01559516138754,101668.37,0.0,0.0
1625976000,0.01591297582638,105311.7,0.0,0.0
1625979600,0.01591834462655,106353.81,0.0,0.0
1625983200,0.01571306902107,105055.39,0.0,0.0
1625986800,0.01567719176425,123458.97,0.0,0.0
1625990400,0.01579239301559,131232.73,0.0,0.0
1625994000,0.01588088035971,131968.05,0.0,0.0
1625997600,0.01600742968857,132628.12,0.0,0.0
1626001200,0.0161695515148,134834.37,0.0,0.0
1626004800,0.01625766884554,135551.71,0.0,0.0
1626008400,0.01563860648981,143786.9,0.0,0.0
1626012000,0.0159015117489,154921.69,0.0,0.0
1626015600,0.01598875580651,155643.98,0.0,0.0
1626019200,0.01604433438538,157531.36,0.0,0.0
1626022800,0.01604044199002,158318.88,0.0,0.0
1626026400,0.01561639711993,166989.73,0.0,0.0
1626030000,0.01597910865069,169468.08,0.0,0.0
1626033600,0.01731176239827,247791.35,0.0,0.0
1626037200,0.01854818926831,270295.65,0.0,0.0
1626040800,0.01815776595899,283136.15,0.0,0.0
1626044400,0.01893035819171,340394.36,0.0,0.0
1626048000,0.01877135947095,249076.36,0.0,0.0
1626051600,0.0190894416821,257408.29,0.0,0.0
1626055200,0.01969939032413,262985.73,0.0,0.0
1626058800,0.01994960091736,266956.12,0.0,0.0
1626062400,0.0190755453626,270118.72,0.0,0.0
1626066000,0.01889523215365,278672.05,0.0,0.0
1626069600,0.01948857430196,294352.64,0.0,0.0
1626073200,0.01989486203948,298064.52,0.0,0.0
1626076800,0.01932673693568,317461.94,0.0,0.0
1626080400,0.01940880125107,320400.26,0.0,0.0
1626084000,0.01955026324673,317133.22,0.0,0.0
1626087600,0.01940431480285,316984.8,0.0,0.0
1626091200,0.02004348588727,324085.09,0.0,0.0
1626094800,0.02023472306122,376065.69,0.0,0.0
1626098400,0.02014277792688,416817.11,0.0,0.0
1626102000,0.01948620332424,431311.15,0.0,0.0
1626105600,0.01912842020273,446580.43,0.0,0.0
1626109200,0.01757614095688,466406.85,0.0,0.0
1626112800,0.01755506334098,463924.58,0.0,0.0
1626116400,0.017676119935,468908.62,0.0,0.0
1626120000,0.01761525172517,471466.72,0.0,0.0
1626123600,0.01798070151298,476201.31,0.0,0.0
1626127200,0.0181609506242,477142.37,0.0,0.0
1626130800,0.01843663480243,482383.32,0.0,0.0
1626134400,0.01850741319577,238329.18,0.0,0.0
1626138000,0.0184889633071,238091.59,0.0,0.0
1626141600,0.01864084063616,239338.68,0.0,0.0
1626145200,0.01730694312115,258827.36,0.0,0.0
1626148800,0.01764819237536,272399.71,0.0,0.0
1626152400,0.01758729720813,273888.91,0.0,0.0
1626156000,0.01826601399866,280989.12,0.0,0.0
1626159600,0.01839595859611,287463.2,0.0,0.0
1626163200,0.01734653366908,296049.47,0.0,0.0
1626166800,0.01724754356424,295122.24,0.0,0.0
1626170400,0.01750217614385,296909.9,0.0,0.0
1626174000,0.01832364997399,313362.61,0.0,0.0
1626177600,0.01811845239732,315190.2,0.0,0.0
1626181200,0.01811935303934,327109.2,0.0,0.0
1626184800,0.01755169127756,326876.88,0.0,0.0
1626188400,0.01794098597777,333338.31,0.0,0.0
1626192000,0.01711432770114,355529.26,0.0,0.0
1626195600,0.01709908012941,355229.39,0.0,0.0
1626199200,0.01694018162084,353089.34,0.0,0.0
1626202800,0.01692878336431,354946.93,0.0,0.0
1626206400,0.0167716629496,359791.28,0.0,0.0
1626210000,0.01686332373063,359962.15,0.0,0.0
1626213600,0.01690345327922,360826.95,0.0,0.0
1626217200,0.01737487646901,365205.97,0.0,0.0
1626220800,0.01703128863357,129037.71,0.0,0.0
1626224400,0.01689596955615,128683.01,0.0,0.0
1626228000,0.01682844089297,129702.93,0.0,0.0
1626231600,0.01655121709209,127252.99,0.0,0.0
1626235200,0.01667189324933,129419.7,0.0,0.0
1626238800,0.01650723715794,128385.58,0.0,0.0
1626242400,0.01640103740095,128442.54,0.0,0.0
1626246000,0.01609310034868,129718.97,0.0,0.0
1626249600,0.01634228257907,128151.38,0.0,0.0
1626253200,0.01675709473649,131360.0,0.0,0.0
1626256800,0.01682565481033,133366.16,0.0,0.0
1626260400,0.01687749091182,134078.44,0.0,0.0
1626264000,0.01712286416503,147467.97,0.0,0.0
1626267600,0.01812966620943,159982.84,0.0,0.0
1626271200,0.01909152031362,220948.3,0.0,0.0
1626274800,0.01906370751514,227159.79,0.0,0.0
1626278400,0.0178461884099,258169.61,0.0,0.0
1626282000,0.01871812256069,257598.48,0.0,0.0
1626285600,0.01867134177022,256693.05,0.0,0.0
1626289200,0.01742188299606,275286.75,0.0,0.0
1626292800,0.01747054309579,275977.31,0.0,0.0
1626296400,0.01767070095385,278168.84,0.0,0.0
1626300000,0.01770374976627,280233.2,0.0,0.0
1626303600,0.01765972065552,278155.93,0.0,0.0
1626307200,0.01768169554417,145585.59,0.0,0.0
1626310800,0.01765615733144,145375.31,0.0,0.0
1626314400,0.01765707499704,145382.87,0.0,0.0
1626318000,0.01753810412094,144403.3,0.0,0.0
1626321600,0.01743758548013,143575.66,0.0,0.0
1626325200,0.01745309055748,143703.32,0.0,0.0
1626328800,0.01769325472463,145589.78,0.0,0.0
1626332400,0.01821932259314,170999.56,0.0,0.0
1626336000,0.01803567108297,215266.39,0.0,0.0
1626339600,0.02124530376809,307103.05,0.0,0.0
1626343200,0.02104091907891,350389.59,0.0,0.0
1626346800,0.0225218574732,374588.12,0.0,0.0
1626350400,0.02137125046152,403466.37,0.0,0.0
1626354000,0.0202915126698,411523.88,0.0,0.0
1626357600,0.0203138156053,427112.16,0.0,0.0
1626361200,0.02456948809302,496648.58,0.0,0.0
1626364800,0.02448605176821,532421.93,0.0,0.0
1626368400,0.02332493138889,533255.7,0.0,0.0
1626372000,0.0237707473715,545848.74,0.0,0.0
1626375600,0.02419436726153,554340.75,0.0,0.0
1626379200,0.02597147927312,567127.37,0.0,0.0
1626382800,0.02611319799159,573557.79,0.0,0.0
1626386400,0.02429764659696,602002.4,0.0,0.0
1626390000,0.0250898787005,600590.92,0.0,0.0
1626393600,0.02423822495563,458695.58,0.0,0.0
1626397200,0.02435066726898,462962.58,0.0,0.0
1626400800,0.02926260961353,605120.7,0.0,0.0
1626404400,0.02904274532002,687261.22,0.0,0.0
1626408000,0.02917165296284,690965.94,0.0,0.0
1626411600,0.0296155705803,695803.43,0.0,0.0
1626415200,0.02908697940489,684405.42,0.0,0.0
1626418800,0.02946850848121,709681.72,0.0,0.0
1626422400,0.03478498598582,816181.73,0.0,0.0
1626426000,0.037527887794,1084358.28,0.0,0.0
1626429600,0.03457442332438,1209899.99,0.0,0.0
1626433200,0.03139320125574,1256363.09,0.0,0.0
1626436800,0.03055840885097,1336076.6,0.0,0.0
1626440400,0.03022963994887,1380520.56,0.0,0.0
1626444000,0.03466605826267,1442931.26,0.0,0.0
1626447600,0.03349621631315,1531330.48,0.0,0.0
1626451200,0.03239775355528,1549197.41,0.0,0.0
1626454800,0.03045749191923,1593886.97,0.0,0.0
1626458400,0.02907814901876,1612749.92,0.0,0.0
1626462000,0.02937255672609,1615396.01,0.0,0.0
1626465600,0.02815732842997,1663337.3,0.0,0.0
1626469200,0.02810611796183,1651955.61,0.0,0.0
1626472800,0.02874783101527,1663535.11,0.0,0.0
1626476400,0.02819735390083,1662305.86,0.0,0.0
1626480000,0.02793861293597,1217409.72,0.0,0.0
1626483600,0.02767546407476,1211523.54,0.0,0.0
1626487200,0.0279283485123,1218278.73,0.0,0.0
1626490800,0.02787031952764,1217348.77,0.0,0.0
1626494400,0.02791367463707,1219242.48,0.0,0.0
1626498000,0.02796729218067,1221584.44,0.0,0.0
1626501600,0.03187854646826,1297701.47,0.0,0.0
1626505200,0.03080854491341,1294282.36,0.0,0.0
1626508800,0.03080220745574,1303715.06,0.0,0.0
1626512400,0.03129694404524,1305493.26,0.0,0.0
1626516000,0.02929224860473,1323410.86,0.0,0.0
1626519600,0.02852564666425,1341934.3,0.0,0.0
1626523200,0.02846416480822,1351975.63,0.0,0.0
1626526800,0.02830688720603,1353241.37,0.0,0.0
1626530400,0.02826535045456,1378037.67,0.0,0.0
1626534000,0.02677910324186,1383023.77,0.0,0.0
1626537600,0.02752472766095,1402897.27,0.0,0.0
1626541200,0.02760054766148,1403671.53,0.0,0.0
1626544800,0.02768999938501,1412949.8,0.0,0.0
1626548400,0.02784912000862,1427528.62,0.0,0.0
1626552000,0.02777620368659,1428950.0,0.0,0.0
1626555600,0.02775779625841,1433508.85,0.0,0.0
1626559200,0.02739617104374,1422156.29,0.0,0.0
1626562800,0.02625731451078,1439238.99,0.0,0.0
1626566400,0.0267114366124,239736.93,0.0,0.0
1626570000,0.02675999666564,239947.69,0.0,0.0
1626573600,0.02645555470035,240750.47,0.0,0.0
1626577200,0.02607807537876,242370.45,0.0,0.0
1626580800,0.0260449637208,242009.8,0.0,0.0
1626584400,0.02765423828463,266145.19,0.0,0.0
1626588000,0.02914631583442,278603.05,0.0,0.0
1626591600,0.0284770602536,294439.09,0.0,0.0
1626595200,0.0286153926932,297670.38,0.0,0.0
1626598800,0.02857545888734,298591.93,0.0,0.0
1626602400,0.02832670544472,300360.95,0.0,0.0
1626606000,0.02817275406583,301286.77,0.0,0.0
1626609600,0.02705677010163,311104.91,0.0,0.0
1626613200,0.02758619876971,322520.34,0.0,0.0
1626616800,0.02725208948614,321262.18,0.0,0.0
1626620400,0.02698298952174,324967.23,0.0,0.0
1626624000,0.02687458614609,325134.71,0.0,0.0
1626627600,0.02710999589621,328803.14,0.0,0.0
1626631200,0.02688755191095,328801.23,0.0,0.0
1626634800,0.02569654040004,345868.42,0.0,0.0
1626638400,0.02577327328377,347526.08,0.0,0.0
1626642000,0.02534389710329,352754.84,0.0,0.0
1626645600,0.02592704561847,358352.07,0.0,0.0
1626649200,0.02533174156613,368776.24,0.0,0.0
1626652800,0.02567685811836,134831.85,0.0,0.0
1626656400,0.02589158564178,135328.62,0.0,0.0
1626660000,0.02545442312975,139493.0,0.0,0.0
1626663600,0.02610688533146,143179.63,0.0,0.0
1626667200,0.02578276025848,143135.86,0.0,0.0
1626670800,0.02644759228081,150051.2,0.0,0.0
1626674400,0.02674201569874,153158.01,0.0,0.0
1626678000,0.02869248015321,197917.07,0.0,0.0
1626681600,0.03021748489961,215607.13,0.0,0.0
1626685200,0.02930687781764,227929.91,0.0,0.0
1626688800,0.02887890233425,245674.66,0.0,0.0
1626692400,0.02842117355989,246680.34,0.0,0.0
1626696000,0.02501251570852,277615.84,0.0,0.0
1626699600,0.02436096832569,282926.16,0.0,0.0
1626703200,0.02502832692143,288815.64,0.0,0.0
1626706800,0.01792796719923,382553.12,0.0,0.0
1626710400,0.02151652665622,466030.89,0.0,0.0
1626714000,0.02025850810647,487766.28,0.0,0.0
1626717600,0.02025946553038,489272.67,0.0,0.0
1626721200,0.01962110606456,499630.68,0.0,0.0
1626724800,0.02033299773125,505926.28,0.0,0.0
1626728400,0.02060951259826,507977.89,0.0,0.0
1626732000,0.01944956361079,522355.39,0.0,0.0
1626735600,0.01979713797701,525067.67,0.0,0.0
1626739200,0.02002227361653,407016.38,0.0,0.0
1626742800,0.02008804131795,415323.05,0.0,0.0
1626746400,0.0194711672419,413653.85,0.0,0.0
1626750000,0.01937544229086,416534.08,0.0,0.0
1626753600,0.01883410052863,430796.88,0.0,0.0
1626757200,0.01885921752276,429108.0,0.0,0.0
1626760800,0.01880090193362,432262.07,0.0,0.0
1626764400,0.01898973860522,447033.26,0.0,0.0
1626768000,0.01920374145119,443565.48,0.0,0.0
1626771600,0.01863261732285,482730.37,0.0,0.0
1626775200,0.01803240516251,486979.51,0.0,0.0
1626778800,0.0182582290723,502888.3,0.0,0.0
1626782400,0.01907421965292,514907.62,0.0,0.0
1626786000,0.02007332391608,519431.85,0.0,0.0
1626789600,0.02011149493337,525007.55,0.0,0.0
1626793200,0.01914353034295,545571.49,0.0,0.0
1626796800,0.01942025199086,546335.12,0.0,0.0
1626800400,0.0203481633085,549996.79,0.0,0.0
1626804000,0.02055749209063,555885.76,0.0,0.0
1626807600,0.02071637158191,561046.84,0.0,0.0
1626811200,0.02064464467234,561884.16,0.0,0.0
1626814800,0.01985882775086,554550.28,0.0,0.0
1626818400,0.0196657822383,551154.8,0.0,0.0
1626822000,0.01983189865365,554738.93,0.0,0.0
1626825600,0.01966166120038,177588.67,0.0,0.0
1626829200,0.02009907400375,184982.9,0.0,0.0
1626832800,0.02036724591217,188319.85,0.0,0.0
1626836400,0.02063357524502,189818.15,0.0,0.0
1626840000,0.02140619040827,198278.08,0.0,0.0
1626843600,0.02122658930248,200869.22,0.0,0.0
1626847200,0.02184210280878,207969.06,0.0,0.0
1626850800,0.02159749019523,207513.13,0.0,0.0
1626854400,0.02188807749773,213648.09,0.0,0.0
1626858000,0.02382097897267,236553.09,0.0,0.0
1626861600,0.02485204075851,261254.13,0.0,0.0
1626865200,0.02652833512174,295541.18,0.0,0.0
1626868800,0.02317635401969,334034.15,0.0,0.0
1626872400,0.02280200815293,335522.58,0.0,0.0
1626876000,0.02966764048459,440729.66,0.0,0.0
1626879600,0.02961767177391,499852.17,0.0,0.0
1626883200,0.02801390300527,535962.78,0.0,0.0
1626886800,0.02799965116567,538050.15,0.0,0.0
1626890400,0.02764012739615,562869.03,0.0,0.0
1626894000,0.02779030230323,601869.69,0.0,0.0
1626897600,0.02761920180225,599315.63,0.0,0.0
1626901200,0.02794828776805,609077.22,0.0,0.0
1626904800,0.02810605131854,613242.58,0.0,0.0
1626908400,0.02921168028594,635850.63,0.0,0.0
1626912000,0.02929220462145,438302.71,0.0,0.0
1626915600,0.02693233478519,449175.76,0.0,0.0
1626919200,0.02765539319616,461959.83,0.0,0.0
1626922800,0.02650296620951,477653.62,0.0,0.0
1626926400,0.02787662959321,535549.38,0.0,0.0
1626930000,0.03325850566535,768074.16,0.0,0.0
1626933600,0.03657835554646,824733.18,0.0,0.0
1626937200,0.03497608040804,861723.49,0.0,0.0
1626940800,0.03267282492333,951598.48,0.0,0.0
1626944400,0.03445351232464,961055.5,0.0,0.0
1626948000,0.03538099054383,1034796.56,0.0,0.0
1626951600,0.03423770519418,1154411.81,0.0,0.0
1626955200,0.03341626814927,1191417.58,0.0,0.0
1626958800,0.03570670939098,1240364.57,0.0,0.0
1626962400,0.03598127331653,1277021.11,0.0,0.0
1626966000,0.03585175763967,1330092.7,0.0,0.0
1626969600,0.03535667506697,1353284.35,0.0,0.0
1626973200,0.03478585105502,1374715.85,0.0,0.0
1626976800,0.03617295130123,1417877.16,0.0,0.0
1626980400,0.03329676950892,1459472.32,0.0,0.0
1626984000,0.03380017656483,1493145.83,0.0,0.0
1626987600,0.03371183186215,1490538.94,0.0,0.0
1626991200,0.03224417778621,1510381.22,0.0,0.0
1626994800,0.03428705972956,1524739.35,0.0,0.0
1626998400,0.0360454292722,1089671.24,0.0,0.0
1627002000,0.03495178544241,1125567.81,0.0,0.0
1627005600,0.03467701442544,1127169.29,0.0,0.0
1627009200,0.03477416144932,1162946.82,0.0,0.0
1627012800,0.03467036786285,1207497.68,0.0,0.0
1627016400,0.03676383950885,1301537.45,0.0,0.0
1627020000,0.03698770974726,1339777.36,0.0,0.0
1627023600,0.03689187616257,1375489.98,0.0,0.0
1627027200,0.03582441766743,1398652.59,0.0,0.0
1627030800,0.03430220258892,1434051.33,0.0,0.0
1627034400,0.03564779042531,1524938.08,0.0,0.0
1627038000,0.03776430807303,1664912.38,0.0,0.0
1627041600,0.03943900088549,1682496.47,0.0,0.0
1627045200,0.03943658638172,1780473.88,0.0,0.0
1627048800,0.03856323675583,1822168.43,0.0,0.0
1627052400,0.04106995936014,1836530.93,0.0,0.0
1627056000,0.03636588988894,1899904.62,0.0,0.0
1627059600,0.03733855552641,1914807.34,0.0,0.0
1627063200,0.0381085822714,1942188.9,0.0,0.0
1627066800,0.03850897723531,1971263.5,0.0,0.0
1627070400,0.04239952699947,2024221.43,0.0,0.0
1627074000,0.04228723337523,2048273.57,0.0,0.0
1627077600,0.04088840974898,2077834.93,0.0,0.0
1627081200,0.04171502190139,2130392.13,0.0,0.0
1627084800,0.04150073052451,1058069.75,0.0,0.0
1627088400,0.03992438137378,1086752.74,0.0,0.0
1627092000,0.04297209486531,1101119.83,4644549.56,137.897055099398
1627095600,0.04234742960932,1137928.19,4577033.91,135.91567885856
1627099200,0.03825957929653,1762892.83,4135207.11,122.681249502003
1627102800,0.03845531165186,1835746.65,4156362.43,123.140061361502
1627106400,0.04082582989576,2083981.18,4412574.97,130.27061602228
1627110000,0.04296080782141,2154767.71,4643329.62,137.251475710615
1627113600,0.04342317877514,2214166.72,4693304.03,139.45636750258
1627117200,0.04130440209523,2312567.07,4464300.45,131.886996070006
1627120800,0.04088198274398,2360330.44,4418644.14,130.255160344636
1627124400,0.04129610010513,2504926.54,4463403.15,131.803988485041
1627128000,0.04104316838404,2613746.98,4436065.55,130.989907901264
1627131600,0.03980443969181,2719963.47,4302180.13,127.231648436788
1627135200,0.04027489694723,2801426.14,4353028.53,128.45460685275
1627138800,0.04067290732835,2855646.04,4396046.65,129.66070403275
1627142400,0.04377843377897,3003920.21,4731701.03,137.334807869496
1627146000,0.0600479017923,3580481.56,6490152.66,189.007307026569
1627149600,0.04441378011167,3863677.97,4800371.11,139.962195381864
1627153200,0.04518984243629,4015288.07,4884250.2,144.006334253067
1627156800,0.04869720012585,4076080.52,5263335.66,155.199833763315
1627160400,0.04999657642737,4158726.94,5403776.05,158.425460566231
1627164000,0.04904062932219,4189220.07,5300454.49,155.685558386841
1627167600,0.05262925806466,4290602.06,5688323.97,165.876913259709
1627171200,0.04867031706803,3263931.51,5260430.06,154.580518606157
1627174800,0.04646680031909,3377377.2,5022267.53,148.001511109689
1627178400,0.04803875854906,3408600.07,5192169.37,151.803003684294
1627182000,0.04620959480308,3429722.66,4994468.01,146.170370359138
1627185600,0.04738363552179,3068943.05,5121361.76,149.057913665159
1627189200,0.04159488192004,3017468.8,4495696.36,130.942783722749
1627192800,0.04636971139281,2961339.16,5011773.88,145.375420505743
1627196400,0.04366472678653,2945730.11,4719411.24,135.897412919966
1627200000,0.04238186485112,2989601.85,4580755.78,132.462754010295
1627203600,0.04291370175771,2993814.15,4638238.26,134.277249904892
1627207200,0.04256813434285,3047986.14,4600888.33,133.804603457291
1627210800,0.04221385643448,3048872.76,4562596.93,132.621635630207
1627214400,0.04258113593015,3012295.43,4602293.58,134.198781885998
1627218000,0.0414458628316,2968228.34,4479589.94,131.006012186455
1627221600,0.03839380693908,2977507.99,4149714.83,121.682887679177
1627225200,0.03827202979072,3013242.15,4136552.8,121.12345047616
1627228800,0.03166837795828,3001278.12,3422810.81,100.064790000765
1627232400,0.03668871718941,2887129.75,3965423.74,115.245252461403
1627236000,0.03764654401539,2749030.6,4068948.47,118.317725913892
1627239600,0.03394874796441,2728624.95,3669279.87,106.885038735591
1627243200,0.03473266763322,2711454.67,3754008.19,108.999897026711
1627246800,0.03576080656207,2681688.29,3865132.45,111.884738309357
1627250400,0.0388864965808,2656467.3,4202966.16,121.419273260365
1627254000,0.04144446114292,2653278.7,4479438.44,126.716092908783
1627257600,0.03754799872449,1026971.71,4058297.4,110.753542444973
1627261200,0.03826486452348,1050409.99,4135778.35,108.037094380483
1627264800,0.04316793553161,1187181.08,4665716.59,122.579435332098
1627268400,0.04350760513822,1233859.45,4702429.07,122.949727331219
1627272000,0.04159569150534,1252990.38,4495783.86,117.313311086592
1627275600,0.04236192035083,1274149.7,4578600.12,118.714390201273
1627279200,0.03840005568895,1310359.15,4150390.21,107.435721105209
1627282800,0.0384877662427,1299744.54,4159870.22,108.92758959646
1627286400,0.03720982650027,1287615.4,4021746.76,105.321727191978
1627290000,0.03533862647377,1334799.45,3819501.99,99.939521834185
1627293600,0.03847958863763,1382900.24,4158986.36,108.092757095933
1627297200,0.0384504142691,1426552.01,4155833.11,107.918527451975
1627300800,0.03851316291844,1449184.56,4162615.17,107.664208406163
1627304400,0.03651760007535,1479603.38,3946928.91,102.951036504779
1627308000,0.03739077098212,1507232.58,4041303.77,105.349288382762
1627311600,0.03696110258673,1498329.45,3994863.95,103.483452790204
1627315200,0.03644277854299,1506595.08,3938841.98,101.009542977588
1627318800,0.03636101949415,1514490.99,3930005.22,100.207243370073
1627322400,0.03657168550083,1532208.7,3952774.62,99.561123727903
1627326000,0.03668166017674,1521721.42,3964661.0,99.622622802695
1627329600,0.03575887341428,1492179.05,3864923.51,102.78015725419
1627333200,0.03481084061556,1533341.49,3762457.36,101.139458629021
1627336800,0.03457328123702,1529629.9,3736781.25,99.366898758771
1627340400,0.03513272737255,1530957.15,3797247.82,101.700517044767
1627344000,0.03513063102639,809581.13,3797021.24,101.412259871831
1627347600,0.03262367397551,827758.16,3526062.0,95.672624468324
1627351200,0.03248862620921,801446.34,3511465.64,96.003358130857
1627354800,0.0324247980321,791673.37,3504566.9,95.123671119543
1627358400,0.0322868643126,792150.04,3489658.62,94.440695121751
1627362000,0.03318593103489,798123.44,3586832.38,96.548204062904
1627365600,0.03284965616097,787821.39,3550486.81,95.895383238756
1627369200,0.03293510168569,789773.96,3559722.01,95.907596556471
1627372800,0.03319167472384,790080.09,3587453.18,96.356681268786
1627376400,0.03358319800945,780599.31,3629770.16,97.122989167015
1627380000,0.03404347305333,781413.85,3679518.03,97.736575873088
1627383600,0.03446041709941,792630.58,3724582.56,97.905077130661
1627387200,0.03593103448771,838814.15,3883531.18,101.201389972347
1627390800,0.03647707030468,828345.33,3942548.33,102.384249560239
1627394400,0.03616438936068,838738.31,3908752.86,102.120851479165
1627398000,0.03623912394903,865983.16,3916830.39,102.406082239893
1627401600,0.03606257656807,860515.71,3897748.64,103.458269659387
1627405200,0.03575888825523,906796.93,3864925.12,102.22244953627
1627408800,0.03736196299184,937256.0,4038190.12,106.550522020165
1627412400,0.0380656520271,950854.65,4114246.88,108.420788715472
1627416000,0.04034947699851,1020083.25,4361089.36,114.782441520881
1627419600,0.04433673316053,1097105.4,4792043.65,125.203904769504
1627423200,0.04485567372089,1171786.98,4848132.27,123.597792763671
1627426800,0.04285301552258,1214061.96,4631679.12,117.534557002922
1627430400,0.04362284038821,629417.83,4714884.04,120.367518446174
1627434000,0.04413614219219,654150.49,4770363.2,119.70432167242
1627437600,0.04164349457632,685603.03,4504076.15,113.064564164174
1627441200,0.04230589789901,686616.61,4575720.36,114.765781150988
1627444800,0.04230483082988,700047.56,4575604.94,115.23972920861
1627448400,0.04166503228788,703050.24,4506405.63,112.335687670303
1627452000,0.04191319982437,712639.08,4533246.93,114.517666739756
1627455600,0.04146757501892,783086.8,4485049.05,112.513499357383
1627459200,0.04064897443624,818050.46,4396510.87,111.273360074416
1627462800,0.03900254893405,834543.99,4218436.81,105.870544432557
1627466400,0.03850855246879,844614.85,4165007.16,103.60550028106
1627470000,0.03819171087777,858434.84,4130738.21,101.477167490874
1627473600,0.03772610781446,870655.19,4080379.52,102.775387587732
1627477200,0.0374669412965,870151.78,4052348.6,102.339511100485
1627480800,0.03755657674823,876692.52,4062043.39,102.794315417165
1627484400,0.0386937243909,880923.36,4185034.98,105.491991712691
1627488000,0.03912599350847,905935.41,4231788.33,105.456083174861
1627491600,0.03638845700043,915461.09,3935701.92,100.955846102672
1627495200,0.03684003751547,948790.51,3984543.95,98.607411803032
1627498800,0.03656776577462,952319.78,3955095.59,98.123188558207
1627502400,0.0371229327454,958235.19,3985620.17,99.480070091069
1627506000,0.03740661951483,983576.29,4016077.56,100.127682155942
1627509600,0.03834101699521,941322.66,4116397.05,103.608167964369
1627513200,0.0383817216255,922873.49,4120767.21,103.029697436614
1627516800,0.03842391730772,500514.01,4125297.45,104.048247738664
1627520400,0.03829383654273,496595.23,4111331.63,103.598612759143
1627524000,0.03823379766597,492437.26,4104885.69,103.229714321334
1627527600,0.03773533713831,480929.54,4051369.59,102.047328180865
1627531200,0.03758165039351,487661.86,4034869.36,100.913470213105
1627534800,0.0370476861031,481609.02,3977541.49,99.06339541764
1627538400,0.03730782086092,481985.12,4005470.27,100.294524001375
1627542000,0.03738850462059,473610.49,4014132.7,100.618544773582
1627545600,0.03561230682486,485760.59,3823435.22,95.699505653238
1627549200,0.03603818250518,484338.72,3869158.4,95.757910878219
1627552800,0.03570158708485,473740.45,3833020.59,95.385469500466
1627556400,0.03586791782207,468781.34,3850878.32,96.714727829686
1627560000,0.03596744158596,463156.37,3861563.46,97.212246689312
1627563600,0.03713222004149,488080.56,3986617.28,99.952251476899
1627567200,0.03717485171994,487819.81,3991194.34,99.905226735771
1627570800,0.03699567730188,488894.75,3971957.68,99.363474255124
1627574400,0.03709936211443,498055.6,3983089.56,100.203372885892
1627578000,0.0369580953381,491229.43,3967922.78,100.074537829054
1627581600,0.03698421028806,493148.98,3970726.55,100.425506588979
1627585200,0.03695293736825,492406.26,3967369.0,99.8536924954
1627588800,0.03658663292572,496323.72,3928041.55,98.845663693097
1627592400,0.0365231670035,493778.87,3921227.67,99.066938220884
1627596000,0.03638820048194,491753.75,3906737.3,98.172177233142
1627599600,0.03648506053332,494039.75,3917136.46,97.907850101765
1627603200,0.03660038429056,171822.75,3929517.93,98.411381257416
1627606800,0.03737813610477,180518.0,4013019.51,100.064875127627
1627610400,0.03751600126808,180259.04,4027821.09,100.718177386776
1627614000,0.03760759591648,178946.64,4037654.94,100.926246312618
1627617600,0.03773047125745,177930.37,4050847.18,101.740485548984
1627621200,0.03787704317212,181368.28,4066583.54,102.343864108933
1627624800,0.03772461704011,180058.42,4050218.65,101.63806135624
1627628400,0.037619939222,178526.69,4038980.16,101.677785787355
1627632000,0.03708907511641,170542.55,3981985.12,102.653390863656
1627635600,0.0365216696222,172426.13,3921066.91,101.132597619099
1627639200,0.03679213866783,184780.82,3950105.21,101.505146345652
1627642800,0.03677568191748,187176.99,3948338.37,101.923002222444
1627646400,0.03659950428904,188158.57,3927121.25,101.349213104733
1627650000,0.03586330629034,217979.92,3848127.31,98.948164234985
1627653600,0.03582586691712,228615.51,3844110.07,98.458769604446
1627657200,0.03569907799871,243701.27,3830505.64,97.980641524723
1627660800,0.03567458948555,242143.94,3827878.03,98.1837602327
1627664400,0.03641525705438,270925.81,3907351.55,100.142519020614
1627668000,0.03622935537152,279651.06,3887404.32,99.428867534809
1627671600,0.03809901345844,315761.1,4088018.35,102.948517187485
1627675200,0.03846738144812,325608.3,4127544.18,101.012398749446
1627678800,0.0387041535256,348481.27,4152949.79,100.957783177657
1627682400,0.0399882814118,363839.33,4290736.52,103.525897812076
1627686000,0.04067072166769,376597.64,4363962.25,103.324388560725
1627689600,0.04068939816516,294324.75,4365966.24,104.195556137292
1627693200,0.04056558628945,297503.59,4352681.24,103.726655692909
1627696800,0.04130433238423,320479.11,4431948.59,105.55558175262
1627700400,0.04184956914924,352113.76,4490452.41,107.311114518
1627704000,0.04133244569797,364661.49,4434965.14,106.038752865883
1627707600,0.04085044814286,368482.13,4383246.88,105.095801907091
1627711200,0.04146026938528,391971.26,4448680.6,107.187397685096
1627714800,0.04156167618893,400335.15,4459561.54,107.330428512098
1627718400,0.04242261793584,412034.21,4551940.46,109.1258769025
1627722000,0.04039667518899,443451.9,4334557.11,104.075273028315
1627725600,0.04141059958158,450287.61,4443351.04,106.300349899315
1627729200,0.04215639798321,456085.12,4523375.1,108.728545576452
1627732800,0.0411942444359,462435.21,4420136.17,106.172126682865
1627736400,0.04059012864916,452743.99,4355314.63,105.259755884716
1627740000,0.04140522240166,489792.58,4442774.07,107.382576180287
1627743600,0.04171230452417,490441.86,4475723.93,107.699110609927
1627747200,0.04176208150748,488454.85,4481065.0,108.394306500006
1627750800,0.04189562880467,486259.13,4495394.6,109.107206576474
1627754400,0.04194468952456,486578.65,4500658.81,108.677899938387
1627758000,0.04194709083531,479379.2,4500916.47,108.96975551818
1627761600,0.04194717141468,482066.3,4500925.12,108.443020657086
1627765200,0.04213526814274,477562.76,4521107.87,107.73763144763
1627768800,0.04174843184299,483329.02,4479600.39,106.964965150724
1627772400,0.0410326247934,485137.13,4402794.4,105.769752086493
1627776000,0.04108303899511,313898.43,4408203.84,105.640455861383
1627779600,0.04121400197925,310366.61,4422256.15,106.026628055294
1627783200,0.04155835119936,312772.22,4459204.77,106.644246004725
1627786800,0.04207459918844,308726.35,4514598.1,106.218802088325
1627790400,0.04189280489629,312958.43,4495091.6,106.768928407544
1627794000,0.04163787273281,318677.17,4467737.41,106.818178856236
1627797600,0.04155595404274,316255.45,4458947.55,106.840175396514
1627801200,0.04199061109927,313258.97,4505586.19,108.037319894178
1627804800,0.04226602546623,309505.55,4535138.11,108.611588687528
1627808400,0.04224557297131,305909.16,4532943.56,108.130778058826
1627812000,0.04212142889995,304208.89,4519622.92,108.911920952319
1627815600,0.04039729567426,337427.71,4334623.69,104.211865783578
1627819200,0.04069720182768,339916.67,4366803.57,104.923800162635
1627822800,0.04054402079261,337249.62,4350367.27,104.933779091409
1627826400,0.03972129721322,345254.6,4262089.15,103.04573084556
1627830000,0.03988219973886,341530.97,4279353.97,103.628261803913
1627836148,0.03917701304299,342340.61001897,4203687.54,102.867157022239
1627836166,0.03917701304299,342340.61001897,4203687.54,102.867157022239
